1 2 0.235824930000000 2.09349355000000 0.155637160000000 1.56091300000000 0.609268980000000 0.517013850000000 0 0
1 2 0.502692400000000 1.22895263000000 0.139510360000000 7.50424076000000 0.418490010000000 0.420912430000000 0 0
1 2 0.183964720000000 8.70291804000000 0.498973440000000 1.25387083000000 0.426091150000000 0.424783300000000 0 0
1 2 0.474088610000000 0.92079566000000 0.198601030000000 3.19599153000000 0.322493510000000 0.405751310000000 0 0
1 2 0.475437910000000 0.94241702000000 0.193844350000000 3.38236532000000 0.330631090000000 0.407458870000000 0 0
1 2 0.180494770000000 2.92908224000000 0.495020990000000 0.99695761000000 0.322710500000000 0.361162940000000 0 0
1 2 0.190208780000000 2.65056725000000 0.320769080000000 0.36142452000000 0.477894790000000 0.980367490000000 0 0
1 2 0.504940810000000 0.91672469000000 0.299237960000000 0.37280180000000 0.182620900000000 3.216137530000000 0 0
1 2 0.508563900000000 0.91518537000000 0.296709540000000 0.37129392000000 0.186664220000000 3.284550760000000 0 0
1 2 0.487968530000000 0.98194874000000 0.315796530000000 0.35741207000000 0.187985490000000 2.718748060000000 0 0
1 2 0.513441460000000 0.98119957000000 0.164775450000000 3.69293833000000 0.318160710000000 0.379148860000000 0 0
1 2 0.516845340000000 0.96288639000000 0.309047710000000 0.37485806000000 0.167792760000000 3.590379810000000 0 0
1 2 0.572896150000000 0.57639080000000 0.323946610000000 2.46358374000000 0.073952300000000 0.277223760000000 0 0
1 2 0.078334690000000 0.27911064000000 0.329400600000000 2.47456640000000 0.588417410000000 0.581999110000000 0 0
1 2 0.328250000000000 2.54931000000000 0.092190000000000 0.29182000000000 0.581100000000000 0.592310000000000 0 0
